0.0000000 0.0000000 0.0000000
5.0000000 0.0000000 0.0000000
0.0000000 5.0000000 0.0000000

0.0000000 0.0000000 0.0000000
10.0000000 0.0000000 0.0000000
0.0000000 10.0000000 0.0000000

20.0000000 0.0000000 0.0000000
30.0000000 0.0000000 0.0000000
20.0000000 10.0000000 0.0000000

20.0000000 0.0000000 0.0000000
20.0000000 10.0000000 0.0000000
10.0000000 0.0000000 0.0000000

20.0000000 0.0000000 0.0000000
20.0000000 20.0000000 0.0000000
0.0000000 0.0000000 0.0000000

40.0000000 0.0000000 0.0000000
50.0000000 0.0000000 0.0000000
40.0000000 10.0000000 0.0000000

40.0000000 0.0000000 0.0000000
40.0000000 0.0000000 10.0000000
40.0000000 10.0000000 0.0000000

20.0000000 0.0000000 0.0000000
30.0000000 0.0000000 0.0000000
20.0000000 10.0000000 0.0000000

0.0000000 0.0000000 0.0000000
3.7500000 1.2500000 -3.0618622
1.2500000 3.7500000 3.0618622

0.0000000 0.0000000 0.0000000
4.0236893 2.5293968 -1.5530861
-1.5530861 4.0236893 2.5293968

0.0000000 0.0000000 0.0000000
4.3779751 2.1001555 -1.1927620
-1.9087632 4.5215193 0.9552415

0.0000000 0.0000000 0.0000000
2.8448276 -3.7335790 -1.7225980
2.6990962 3.2758621 -2.6426516

