0.0000000 0.0000000 0.9797980
0.1191754 0.0000000 0.9797980
0.0000000 0.1191754 0.9797980

0.0000000 0.0000000 0.9797980
0.2383507 0.0000000 0.9797980
0.0000000 0.2383507 0.9797980

0.4767014 0.0000000 0.9797980
0.7150522 0.0000000 0.9797980
0.4767014 0.2383507 0.9797980

0.4767014 0.0000000 0.9797980
0.4767014 0.2383507 0.9797980
0.2383507 0.0000000 0.9797980

0.4767014 0.0000000 0.9797980
0.4767014 0.4767014 0.9797980
0.0000000 0.0000000 0.9797980

0.9534029 0.0000000 0.9797980
1.1917536 0.0000000 0.9797980
0.9534029 0.2383507 0.9797980

0.9534029 0.0000000 0.9797980
1.1917536 0.0000000 0.9696970
0.9534029 0.2383507 0.9797980

0.4767014 0.0000000 0.9797980
0.7150522 0.0000000 0.9797980
0.4767014 0.2383507 0.9797980

0.0000000 0.0000000 0.9797980
0.0842239 0.0280746 0.9821294
0.0317373 0.0952120 0.9771623

0.0000000 0.0000000 0.9797980
0.0930157 0.0584721 0.9810152
-0.0389904 0.1010151 0.9776451

0.0000000 0.0000000 0.9797980
0.1019181 0.0488910 0.9807394
-0.0463816 0.1098698 0.9790110

0.0000000 0.0000000 0.9797980
0.0655484 -0.0860263 0.9811436
0.0611036 0.0741608 0.9818263

