0.0000000 0.0000000 -50.0000000
5.0000000 0.0000000 -50.0000000
0.0000000 5.0000000 -50.0000000

0.0000000 0.0000000 -50.0000000
10.0000000 0.0000000 -50.0000000
0.0000000 10.0000000 -50.0000000

20.0000000 0.0000000 -50.0000000
30.0000000 0.0000000 -50.0000000
20.0000000 10.0000000 -50.0000000

20.0000000 0.0000000 -50.0000000
20.0000000 10.0000000 -50.0000000
10.0000000 0.0000000 -50.0000000

20.0000000 0.0000000 -50.0000000
20.0000000 20.0000000 -50.0000000
0.0000000 0.0000000 -50.0000000

40.0000000 0.0000000 -50.0000000
50.0000000 0.0000000 -50.0000000
40.0000000 10.0000000 -50.0000000

40.0000000 0.0000000 -50.0000000
40.0000000 0.0000000 -40.0000000
40.0000000 10.0000000 -50.0000000

20.0000000 0.0000000 -50.0000000
30.0000000 0.0000000 -50.0000000
20.0000000 10.0000000 -50.0000000

0.0000000 0.0000000 -50.0000000
3.7500000 1.2500000 -53.0618622
1.2500000 3.7500000 -46.9381378

0.0000000 0.0000000 -50.0000000
4.0236893 2.5293968 -51.5530861
-1.5530861 4.0236893 -47.4706032

0.0000000 0.0000000 -50.0000000
4.3779751 2.1001555 -51.1927620
-1.9087632 4.5215193 -49.0447585

0.0000000 0.0000000 -50.0000000
2.8448276 -3.7335790 -51.7225980
2.6990962 3.2758621 -52.6426516

