4
768

8
sphere 
40.0 0.0 10.0 
10.0 
0.0 1.0 0.0
0.4 0.2 0.2 0.2
10

sphere
-30.0 60.0 20.0 
20.0
0.0 0.0 1.0
0.2 0.2 0.4 0.2
15

sphere
-15.0 15.0 45.0
15.0
1.0 1.0 0.0
0.4 0.3 0.1 0.2
5

triangle
50 30 0
70 60 0
50 45 50
1.0 0.0 0.0
0.4 0.2 0.1 0.3
5

triangle
70 60 0
30 60 0
50 45 50
0.0 1.0 0.0
0.4 0.2 0.1 0.3
5

triangle
30 60 0
50 30 0
50 45 50
0.0 0.0 1.0
0.4 0.2 0.1 0.3
5

general
1 1 1 0 0 0 0 0 0 -100
0 0 0 0 0 20
0.0 1.0 0.0
0.4 0.2 0.1 0.3
10

general
0.0625 0.04 0.04 0 0 0 0 0 0 -36
0 0 0 0 0 15
1.0 0.0 0.0
0.4 0.2 0.1 0.3
15

4
70.0 70.0 70.0
1.0 0.0 0.0
-70 70 70
0.0 0.0 1.0
70 -70 70
1 0 0.0
-70 -70 70
0 1.0 0

1
100 100 -200
0 1.0 0.0
0 0 1
12